39389
56902
62905
43175
65189
53640
24086
14287
52180
45003
44030
64265
23298
6297
26251
44241
16797
56019
19258
26028
18689
36246
24311
58703
23486
9170
53926
36288
25620
8776
13896
65009
142
11266
42648
65331
64906
1199
14083
51550
46202
58113
50279
3965
64410
10994
48206
15671
1478
1928
41699
20167
38174
474
13334
61660
9645
1725
32412
35265
10501
46309
34738
10643
57575
11851
10439
56945
13050
24522
42959
59252
17099
27702
63217
15973
38697
45887
31645
40175
47815
7808
60342
20453
8283
8140
16578
17928
9865
48990
53193
20366
29763
22395
31010
21802
34246
41449
13211
47296
435
56170
41013
17534
18337
38694
33507
57034
19046
65152
31673
1325
7425
26479
21779
15708
34619
38357
33636
44485
21811
21293
64851
51575
43688
30325
7841
12399
6238
21053
59695
6673
11687
35172
24207
30024
8331
57715
21522
27377
57331
53195
28702
64756
14138
50481
14928
48758
23302
48564
27707
45114
4321
27022
31153
48010
57348
38994
60409
63586
60047
54568
4724
6199
24205
28931
36223
32536
21110
57746
59913
12906
45405
23079
12126
59544
8025
27055
42766
31327
10083
4937
10905
14405
31959
42058
62415
23771
15517
57288
21822
10028
46320
26546
16227
4989
55477
52451
37525
11052
44661
31902
23958
24530
54982
36084
18538
63007
63139
61304
28798
7687
705
39704
22092
32665
16226
18971
56436
31743
10723
12722
41772
57043
39268
57999
62033
29210
44914
34022
40262
24039
389
64220
48570
55371
34768
1572
52842
32372
62877
16104
40059
63582
55808
62151
30711
6499
15586
21612
38242
26309
34334
14478
17816
8067
6942
14313
37277
51856
48336
12003
10360
48725
10687
58930
38560
45455
60502
25866
12291
57843
41970
52350
55890
32243
48965
21065
38742
64551
42677
11448
25324
11476
25927
43141
19543
32869
57454
56820
19189
40254
3287
29549
23443
13974
22943
62003
59429
17910
22333
6185
10217
64304
58535
571
31011
41965
21637
4217
40980
64314
15665
769
10254
41592
43910
29797
8925
35828
21081
28115
10547
24368
57664
33990
38342
15072
30458
32236
32982
52791
38421
43199
51559
31420
43771
17034
7849
65408
21251
48830
64186
36917
49599
8905
12973
27973
38702
21899
63801
59784
50014
8812
18616
42142
42803
56959
57214
7725
23659
24660
60516
62080
2324
46540
27964
46095
63574
35814
45967
19290
19108
44617
56207
3171
53522
3644
31144
26689
25543
29409
20937
10021
38222
39553
52164
15489
30976
43842
23214
54635
2967
18194
51179
5291
64734
13608
51386
62773
49422
31817
16527
2994
10898
7198
6165
64421
10842
37309
25574
36386
1182
46511
46407
39404
20528
33035
54893
51505
11342
12571
40604
14309
30766
26248
19600
29964
39856
5450
27201
23742
37267
43728
26736
48165
50926
32901
47050
61769
4674
7088
32619
5856
53599
13490
45261
8592
46526
34618
60097
57868
47190
35165
6641
12420
61413
26241
42384
35733
31691
4050
59475
3422
47778
20675
51587
33169
53576
33102
29402
58250
40190
62021
64107
28254
9975
43832
36846
56501
12914
31407
48833
60104
1036
55474
6988
62450
16179
49373
32647
47870
53423
26587
51292
35665
47262
37344
3298
35303
4910
32700
28017
45100
29185
26588
7818
39161
4884
44664
30126
17799
10535
13424
12367
11572
3362
19356
8486
19542
3193
41133
1876
56616
2184
53169
26745
49447
24977
30044
19214
29887
62744
47231
9451
26394
8284
17270
19
13168
61934
30145
30967
6934
43569
43335
18506
46932
62691
26992
938
348
2589
2814
56964
4774
55983
18173
54221
15424
48217
7899
45311
45426
55130
54763
6284
63414
6497
6303
11047
2895
36448
42014
9829
14482
19813
28335
61414
16968
55327
62352
17316
57917
65166
8744
62691
55614
26918
51376
5502
9599
59275
50814
55025
48869
40041
61309
46748
46538
2076
57795
49433
38525
34273
59263
53007
54087
22062
48885
5519
11854
45701
22836
4235
45331
31580
1390
35409
58498
52766
40912
2562
46505
26190
57587
29838
695
53361
11050
47233
55437
3309
31130
28426
37583
24857
15897
26134
46920
64782
31653
58774
44947
54489
63009
24743
20534
64399
60152
13496
51629
35528
16058
32598
61718
8110
62436
62413
61471
7951
44110
51372
11260
9705
14263
48843
34562
30160
9441
15946
29407
41095
9184
8818
30048
6657
33561
50582
5520
28178
64079
57149
63706
14601
24211
59889
22711
21112
56766
18646
29063
35341
4483
40323
45046
18746
23631
14072
48906
33072
30019
12777
8631
39203
21596
38680
45861
55157
23726
51381
17799
22269
42995
15970
36871
1670
10323
59582
22782
1553
12693
51845
36894
17176
26633
16404
35922
50264
30477
19292
17800
60496
32070
26432
34163
53666
65112
14488
43287
23302
334
61087
45572
43329
11521
16907
44999
21844
10953
2246
23397
23646
54091
60292
40822
15188
11160
11208
65452
41637
30501
17717
36597
62571
44149
5225
50701
43725
19713
28452
1491
20047
24003
47063
63376
35524
63970
42840
57368
9388
45086
15230
33034
33641
9986
8321
48830
21146
19529
48746
62784
50030
927
33845
47065
45076
39070
32230
23265
58784
60683
24757
13295
19150
6284
11136
54675
4719
53976
46507
14107
33526
61737
47141
1631
6187
55462
50461
27334
9456
33672
24582
59486
34599
58427
41016
14140
31962
7710
37405
25210
2857
62162
38505
22008
2911
49641
11147
7630
38081
57654
21737
6071
53856
3342
7703
60043
58805
58164
21841
2725
26300
46423
62211
60900
39315
37691
9504
5741
45402
46909
30951
48259
43536
3920
4731
46447
53562
15878
54077
26107
7997
10278
32179
61853
13620
39882
56360
6889
32510
12666
9614
58811
59089
6290
54175
32868
43981
63679
38609
23847
45052
4024
6571
23052
7945
11302
3963
61507
27181
58040
22078
35178
2782
54257
31495
16403
28603
22319
23292
61114
34985
32907
54389
28539
39197
43028
61407
17642
41171
34481
41490
20687
38505
48061
43740
46450
59363
47703
42421
21008
40208
64500
56186
42990
53221
22145
59393
16289
44465
17150
11867
13914
50057
720
42453
23718
43748
38325
41360
19383
7270
17314
40070
45775
65375
18274
26690
59203
442
3575
14675
40650
2539
5326
18104
55761
27471
11962
6514
6400
29112
18381
20315
13633
19101
62768
37351
62849
35557
13175
16696
42827
30490
56766
23067
30329
9505
49757
23996
9947
53332
38672
50597
55872
43998
3165
46097
5933
15127
52611
12334
44239
5456
32649
57872
24557
29881
29687
21870
65439
42863
38566
42730
7817
29796
261
38146
39301
50018
62143
49248
37815
35279
34309
28151
13741
37475
8712
19674
52602
61323
32008
31306
1243
64657
23642
25800
29003
53330
47670
28906
30657
20700
6100
38474
50496
6362
11084
24262
56380
7691
7974
28659
42970
42284
56810
56711
14223
65522
10850
1289
61309
42858
32595
62552
41980
56238
22816
5447
44032
4950
34353
9153
25650
40453
47627
10611
46815
58711
34873
37660
867
42847
783
43837
19595
57594
35013
33818
57580
45863
35108
53354
23185
2167
50370
65165
58405
7651
5076
36901
12601
39429
46054
38252
14347
28145
48863
61162
21321
18200
33286
22188
61047
34070
489
15107
26128
35502
48925
18172
15829
18497
5990
39015
20665
56361
38644
13534
64012
43721
50436
11077
17614
30954
49329
31961
59100
32656
27588
14885
50856
60874
37073
46368
29408
37562
61475
55536
7529
44864
8173
23358
63362
14163
62373
18491
4988
35482
32025
3464
13667
16925
14542
31281
47880
63871
63243
41444
30992
25295
56329
16312
20633
27866
62680
50042
65428
58619
40042
7421
37948
48215
30780
35774
62379
27617
54265
1831
63099
20754
5296
11230
37680
19838
42512
20024
18173
40219
61468
49165
65514
52261
65478
20611
14591
62622
5117
14483
55706
45160
21905
28118
27839
52685
63892
24682
14766
52621
26514
12330
7839
31810
23560
45519
51648
536
7
4285
40755
61475
53451
40733
48200
53393
61345
62791
50479
926
11739
40649
46086
33644
3231
8390
20793
1587
33072
35559
54208
59586
47889
62048
25860
5914
42031
11972
6450
42039
16258
47206
37978
4173
22403
20643
57566
18212
17898
42509
19139
29637
17623
65225
63281
20854
8079
18538
22442
41152
54098
11114
35202
36451
7626
61063
42365
49658
7499
48816
26161
23757
30486
64139
27930
52889
19246
19960
5566
37145
62470
24705
1246
14557
24394
64528
35411
32474
17530
57853
8090
6092
3432
43292
42544
11058
38819
19373
60716
46319
2653
21341
4540
33139
19945
32471
20493
39191
52431
26059
10800
49365
50764
12047
63922
9622
11039
33798
42096
28569
26115
50186
34662
29547
27943
11670
40606
1226
31043
35786
47545
33697
57128
52086
1300
11537
19021
21793
50728
5916
47852
61529
55282
33080
8040
53668
42703
19079
21930
19263
47648
48046
3914
16774
12057
31857
28444
52663
33083
59488
22914
15093
27649
14506
1643
28949
26043
20664
50743
11235
26580
33059
7228
16326
604
15268
4459
43307
34347
26389
62570
16460
8899
948
33234
20957
32805
61679
8084
353
55631
30998
15446
17744
45504
17089
46693
6011
37753
31900
17247
64333
64960
24475
15124
28
39744
19583
43335
8555
45972
40369
25015
54872
41318
58250
10293
8587
54393
18377
8940
44488
49376
24386
62232
29344
41475
43389
35356
13692
9754
52603
12490
9178
11542
27614
9206
51286
47197
52541
59842
27633
27374
19321
16969
3156
12035
27262
11744
892
45640
20684
45380
29480
45071
42076
58824
21010
19930
28644
34703
29684
15711
47193
38862
27254
9271
48068
13004
56468
35073
7310
18565
62447
26632
35535
68
38667
62797
11812
39560
42901
32496
19404
6845
12031
61481
134
33042
15875
28778
2209
45559
44490
49402
18885
6208
58673
1417
19212
49605
36490
26523
2634
33401
53155
38169
33469
26286
35431
45281
310
12796
12242
19715
19642
24273
15660
19776
57315
31535
48554
59524
11558
27508
43390
30443
33716
36527
31860
52929
20596
2814
13916
23231
36215
1535
61400
4149
27821
31295
49430
28132
44092
61672
47847
63734
20410
63507
17974
12189
29506
992
6178
41064
28501
49568
5971
62217
20560
37831
49610
41156
40645
63526
64387
11324
65061
60252
15473
27347
26011
64904
55479
4567
61040
37790
2765
15914
35761
20739
28104
65267
21732
34282
40795
50233
18314
46766
46914
38874
19061
30989
14495
59706
28979
13346
5494
28505
8062
20968
55852
34074
20336
45795
38641
15840
18049
41407
31755
53810
62146
59859
53541
18342
28605
28800
3039
46919
10030
49954
20258
29091
15407
34753
23261
44386
48099
28755
7355
56162
49723
63207
24700
4523
43466
63341
20364
61515
39212
52119
49789
35823
46442
37794
54165
9511
1058
57205
56430
11088
41623
11152
40179
57030
45905
63440
35880
28469
26660
43236
19095
10847
40907
43795
15371
18838
41600
35735
14817
15277
22318
64607
51100
3224
36865
39729
12735
37924
31398
3629
49012
7485
14782
23656
64515
60687
21560
34860
23620
48220
12560
42715
59068
53467
20974
8903
6769
62575
44638
21587
12316
1420
20658
63416
4644
57523
37609
17379
29911
3472
21008
13388
10957
35790
37044
9937
30942
58604
44797
54562
41289
57357
31742
34821
45288
52716
43724
52058
49755
22826
8109
62071
24246
28767
59951
28890
20754
32025
46269
50666
35497
1741
64054
46454
37532
35562
56391
2938
28630
35652
57500
4383
27473
23706
39204
7226
10887
17392
59284
60642
40218
1857
57178
64464
30624
51593
27818
51378
18082
8551
36508
53579
10293
35026
34498
47825
5052
25353
50763
33683
61006
42727
38066
22943
898
11735
30169
11785
29127
23917
6891
3810
25774
64069
2738
56398
50127
30557
42241
2673
39108
13213
56253
49401
48240
25215
31690
53292
50568
16917
21439
46038
59645
59506
3446
60543
5705
33615
6792
34832
57533
13683
38642
17771
12217
41381
8634
62344
6402
50875
65017
45510
64088
55734
29376
46792
15413
61066
34549
446
12448
55988
46484
6557
49958
49930
1564
55663
18010
8356
24960
10007
22039
63602
27778
34256
39447
36412
31064
45849
21751
30546
25824
20304
20744
55200
1560
36158
50730
36109
36604
63178
26562
17552
4199
10984
1947
5763
1112
19957
14119
26072
29964
36159
24138
57742
4879
63586
28619
35944
43899
50370
954
4187
5138
21698
59387
6699
57856
44582
42808
28924
42224
3834
46477
46424
14819
48424
52187
15931
2845
771
42003
32809
36930
605
25015
41809
64191
53634
12217
42555
38469
13171
46742
43607
34870
40594
50306
27190
19640
27579
56115
61864
31413
37056
42752
46232
19944
29404
62163
22789
30175
38630
55598
1569
39236
15077
43378
37891
3176
55596
14910
41645
3231
61653
19716
38101
36711
4487
65292
56351
32066
55871
52679
63479
27391
29896
44176
47335
59300
40803
4588
23939
13898
60186
25508
53134
9727
3350
25489
12903
58946
40400
54548
62178
36517
8729
34743
7692
13216
34499
64043
45282
24834
51186
43225
52225
15546
21865
34024
9310
62669
38612
33249
11031
33262
58757
64165
42990
62108
24118
55893
55518
64518
44906
52160
35499
53635
21368
43191
1315
55867
41698
46597
15166
27349
24286
1855
42895
46152
35880
52206
43285
8956
19919
54316
42219
13141
52945
19673
9713
11527
10030
65231
10510
54936
51856
46009
43035
7688
23665
44350
63555
65363
25411
13185
27176
49698
15041
4536
30314
50921
56742
8063
59877
11125
62379
36560
24266
49788
56233
33979
61315
728
33675
6289
55664
19995
52299
33164
27683
10428
11978
25702
10255
37390
38888
37432
21552
53929
41968
51866
39314
33174
59929
33655
44299
56772
4680
3030
41024
60913
37009
36803
61641
5148
43093
51770
25143
29856
19398
52826
40284
31376
12993
50539
3230
51881
22435
24782
40274
64403
11112
14052
32041
5505
47707
10805
62277
52387
13835
37765
47765
50844
9033
43870
55993
52126
30104
15600
16446
49502
2891
56730
15343
15884
41733
18573
2229
64169
43356
42503
63036
54468
56555
29542
59974
38726
40347
56715
25578
54182
28945
7807
39490
37978
51677
29947
24568
16246
45548
41014
212
48439
32208
15555
64323
8405
34129
1016
7038
11949
43519
4539
881
34538
34081
60855
7728
8892
52035
33306
63074
15444
41113
37028
53422
27255
1440
12454
43501
46988
53468
43713
29891
20140
59269
28678
28545
27862
29694
35584
39811
7677
40123
40692
42215
8668
36012
49943
17560
22511
17714
15098
37955
58827
52126
25841
20546
53566
38295
64047
35018
26227
42225
64909
46367
35958
28051
9376
63820
57745
44960
38095
65422
19547
13251
42101
28215
49263
26509
45775
6238
44223
60873
44193
37514
47464
4498
58061
35494
42793
56572
4977
3484
33261
4350
49851
3683
32402
59228
1967
24611
38652
40062
24498
58200
53314
1063
20879
37041
27572
1119
43280
6259
61992
21937
43774
43920
26436
36299
13879
3693
27335
18856
7178
60597
23206
57029
64280
55608
50721
712
14684
23838
40774
39182
16502
28552
40245
37381
58
2282
38500
43338
8541
34957
65275
52315
13341
26175
23078
27220
29869
50414
46076
37047
45475
3747
28540
44219
59355
13726
44931
8503
37564
20170
47685
54066
48722
22395
25911
48780
24677
64412
26582
33218
33833
26322
19998
47174
52497
43076
8859
16830
27954
54935
53877
7893
58682
16882
52113
52502
30608
31508
61005
2636
51678
43155
56702
34865
14
17077
18109
24691
15953
44692
57909
49786
5478
12371
31425
57975
55448
40284
9270
17866
29683
63147
25760
22830
14493
12337
9796
45101
43845
5265
47737
29988
48420
38903
64853
48434
55981
17426
7589
6398
62118
65499
56185
2060
12334
22074
60036
2246
62358
3770
20113
26505
1381
45873
49335
15875
58210
59131
60976
36519
64397
43178
971
47281
16545
288
30180
6990
17715
37769
13389
14297
37732
4038
16358
50067
26112
10858
52313
22934
14628
6890
49439
16009
52763
33239
31884
45437
26834
27325
16421
25695
4967
17392
7441
21512
17681
37621
28503
35396
9854
41892
49693
47587
45930
515
32118
6506
11373
18895
29440
26001
25786
13343
42011
13013
46582
8359
58451
7881
35684
9336
33576
40651
26728
41017
62164
44409
13102
25131
14269
22957
1487
63963
5008
47417
64478
37126
53923
10316
56021
17827
36317
16271
31170
12792
29285
12217
21152
22200
20098
56836
31536
53674
31952
58264
29156
28580
37138
42258
53711
51407
65215
55198
49834
4687
37079
48777
41813
25466
59093
32299
43293
29874
48570
8927
42667
12319
21144
63819
34519
41242
55119
519
29381
21535
58784
58537
50115
30386
35259
38290
16257
34939
27952
556
39626
65031
49333
15904
24961
42890
48203
2718
7228
31237
11646
49895
43557
32790
48178
12540
8497
37762
13060
37878
59297
6308
30879
43877
36694
602
16631
52951
35541
44584
53507
9632
44079
37304
25536
3505
14658
8203
6223
21887
39440
17869
6246
17461
50660
54425
30002
59157
26651
43062
31499
20412
49370
62378
64289
20528
62980
15385
7943
32986
59969
61451
42618
38512
33219
2618
42017
47878
10821
48241
4229
50261
574
10475
2187
51234
64900
32189
44855
26015
9715
10818
46428
59085
7660
45181
14077
5105
60566
22020
38091
54999
17935
15173
27976
51155
17791
4457
33497
28612
52698
37726
13337
53273
48201
15524
38971
47566
47713
18291
8045
57428
29109
54473
50977
36770
34119
65054
41875
29149
21539
14430
18613
39474
29603
46589
25093
47394
51046
58590
10470
38209
30780
23807
25946
13446
39332
64917
61012
21509
17672
3521
13402
46782
57995
64379
18016
26578
63898
59891
55727
19901
8785
8804
59375
38388
55393
18933
20246
40904
11987
30716
13577
42768
54523
39523
56214
28319
38904
51690
49829
56577
55211
63231
37823
47670
62074
55839
8712
60436
50194
64440
14801
58979
7708
8641
31831
63102
27574
52077
38470
39561
17257
52047
16793
6244
26034
7471
34564
64938
59161
18857
55979
48837
16552
28266
30971
13090
18569
39684
7991
3227
38588
22792
62206
46296
31433
28501
43862
59007
15042
16796
33033
32299
3307
49826
38544
29341
57298
7572
28744
50923
26429
19187
34224
42981
47454
65196
56071
487
39344
64062
3715
12396
21319
385
58692
52752
28887
37019
46224
43929
53815
13721
10693
57123
63547
49237
20928
55309
56809
49672
40697
17702
3324
9385
60683
50778
9045
51218
51265
48389
49745
54980
60785
5528
55366
53942
58280
18717
25425
38968
62646
13704
52689
7803
5291
50701
57040
26220
40474
48313
10356
15635
479
13680
25021
61162
64458
34066
46845
50188
16920
31054
39632
12169
36582
29462
575
29326
48179
26000
2759
45290
39705
55448
53093
44996
40613
44598
5680
15552
27375
16037
31187
27855
29717
56208
23481
28640
24739
4790
13292
41659
35844
52924
53828
6890
16851
54404
36217
65030
14868
38976
44784
54573
28888
32342
34034
3966
11404
39714
19518
38779
55751
50705
1098
19933
41378
24580
48573
581
29370
61865
42240
65215
49253
30532
6569
568
19400
42786
63
34269
16226
44847
23306
45115
11653
57340
49081
23057
31519
3063
61837
21734
53768
62935
41667
29610
21979
24704
30191
51350
21033
6895
51029
4751
37428
57598
5319
56828
34849
5382
25561
51075
50230
48868
30654
61883
40672
14199
19405
6655
17262
15706
28390
5495
13105
4521
35105
35085
29226
65297
20899
50259
6656
6392
55010
44084
63990
60330
35377
33303
176
60938
18843
50406
44270
49497
46754
19407
63697
623
26062
15423
16329
54452
20918
29434
58974
56024
64519
22664
55785
19882
7387
62441
26274
62398
40990
24729
57192
10831
58032
57368
6233
11339
42239
50504
60837
23457
4375
58998
24080
30437
8885
40409
19354
29804
4307
12792
20292
3291
35456
10541
23173
42843
7446
49448
39705
48436
8641
31361
59267
1137
23194
65501
12477
65433
50469
7778
23354
54844
1240
47434
19745
10125
22307
39099
39929
26614
51891
60221
29905
21811
5226
53079
64655
12673
36991
38824
61109
45632
4650
54841
46769
27844
54806
59246
27741
39739
1488
51095
29047
2728
32993
48792
12854
55300
22356
52783
16378
8711
47469
46284
30523
52695
33827
29642
65368
5282
2930
60942
50914
7580
50247
32147
35424
39517
25858
63165
13720
27346
48724
42767
30075
16181
26023
42929
5945
48379
30176
22324
57091
12109
3072
22078
64805
36899
51720
64637
42181
54650
60043
27559
62231
44754
59706
32119
18735
20028
29749
32455
47375
12937
9686
11914
29119
35710
54843
35064
18553
19483
57388
10108
31593
60460
32186
30862
31823
18370
29963
8468
7485
24471
36027
4180
3689
30198
36299
22425
50226
512
54880
32065
13450
64567
43979
42569
34741
33286
12097
53294
52770
3950
63403
18827
64410
30053
49689
30698
48424
14116
39166
55909
38587
9658
60089
42277
39856
30852
64702
24546
31365
54046
56612
44815
53077
35055
21848
22282
2806
33945
10041
55576
37895
7908
8867
36770
37961
58556
1932
20849
7136
41098
11222
45724
50756
5775
22465
25076
36628
21631
49623
2457
10141
40699
47272
63219
10218
3584
19965
13024
37529
30006
3064
9889
37914
11931
46659
10340
4951
48591
31189
12088
24153
42412
57812
9374
48187
14741
34450
19279
36372
18537
21736
46513
59236
3472
44196
3919
7056
64162
16943
44586
28632
20008
54475
1011
31939
35598
11351
36891
18653
42540
48979
42806
19416
41255
52180
2068
55996
21095
21347
26832
39632
43084
7809
33333
46556
52006
37252
53613
50632
54195
32663
13728
8667
21602
14739
40607
57200
26090
11962
10317
3095
60941
53123
22511
36660
39768
24579
27120
60863
45927
53952
34959
23475
61761
2756
4495
48231
40008
58108
33327
28668
25235
47056
37335
46837
61795
12406
38501
22350
24368
48818
25445
19773
36406
47956
56433
10638
7000
18017
5965
52927
6433
40924
10866
2659
43681
15361
50890
18153
7934
18682
46821
33169
202
18621
14471
61997
31027
52972
18811
55396
36255
44256
9633
7125
26677
531
17763
33677
18548
23728
21068
24982
64652
31934
27641
42797
47295
12995
60951
55229
31677
42236
22863
31879
60857
37334
28341
26349
24770
47152
16209
61025
25873
25842
2614
52550
26373
20377
20691
44922
44105
41759
4368
43222
8157
32009
20483
55452
45004
15898
45146
11146
58135
2473
43025
53456
39807
5830
14269
64577
52983
30478
60067
13320
56321
62681
334
17158
17523
21025
62080
61628
62784
912
39314
5405
32921
59798
60857
12390
10160
40467
23536
2759
42940
1025
56216
17211
6856
4949
16253
59839
35428
10784
7623
26213
7929
7957
43371
25452
28982
39916
21545
26230
40828
60859
31635
8214
55121
26956
20604
65282
1888
44140
2505
44828
45165
58721
62040
52021
63671
12757
46324
33563
23541
53947
59776
31470
61904
37611
56923
25350
11991
12932
51580
52820
8255
17679
61034
63377
44636
16102
63123
46524
60242
92
25816
39871
58814
22320
26357
56949
35077
7145
24976
58618
61093
19216
24553
57461
56827
15940
17276
3283
28872
3320
56103
37127
21000
51601
34968
100
2167
32555
46624
62409
32648
6904
36744
25926
29225
63101
17339
64302
4711
42315
57385
268
61531
16402
57729
52822
32342
9469
56105
61214
12790
46672
32805
33790
32737
2238
33890
34904
34793
14978
31777
1905
21882
2986
27831
51107
551
45170
49874
5262
21949
41723
5530
17944
58125
63260
5231
24931
7193
61336
20609
19983
42473
53414
53773
9674
55652
22127
44579
24910
37105
10820
26815
58988
13806
54647
44559
14358
34281
28897
19620
56231
5084
25151
8639
63209
22875
13870
22604
30068
9671
43213
50052
52144
31092
38289
61818
21208
60417
40861
46118
31986
51682
7398
25438
65488
62045
4462
14310
30790
33359
33931
21485
38444
59082
30125
36117
16421
43995
58722
46489
53666
36399
31005
40274
1955
3759
36557
23164
64176
11882
3746
30626
63564
11144
56065
63517
7653
60527
12291
38444
28350
46222
59929
1258
39768
24518
37376
56189
2978
30562
37143
56644
1425
2612
31383
3381
6371
2404
26545
5011
14286
30291
35638
12315
41436
26167
10296
49089
21158
22587
21997
49508
3274
16391
50767
43042
40909
22607
33696
43887
53169
5303
34996
54594
7915
843
57975
14287
3247
18984
19298
17533
49276
54936
29848
25176
15567
40144
8729
36725
62732
30727
20698
470
47118
5929
43512
22491
28536
11672
843
16169
16975
35839
5227
24891
36682
63203
39178
39929
16651
58476
57462
391
47877
21775
25567
63444
61919
34297
34634
59115
65024
55332
59585
46606
61261
37562
3561
24261
49234
4404
40430
674
40243
45657
25565
11389
43324
64743
51318
59976
57683
43245
60367
40024
65020
20399
37933
61403
54696
7031
54983
54184
62363
49032
35254
58088
21058
38815
16813
4757
43220
57243
5431
17927
37364
30996
29317
15153
30203
15099
9593
22350
58344
4424
62375
57828
24823
34772
53696
13983
41803
43143
2631
38630
26639
37885
31182
47698
11165
47995
52455
54385
39702
57886
6776
11530
23346
36093
26683
53549
51193
36276
10363
44001
40701
7202
36294
65524
41974
24454
13972
18241
2061
16603
56871
28700
54489
22517
10862
118
4976
63317
54503
44678
55667
61279
56209
13477
31837
17356
1490
17494
53633
11854
61495
28798
19056
32253
28786
61031
56707
42758
13736
58768
59362
5072
21933
48315
27589
32795
48433
32566
30577
37400
11708
20708
33143
2381
34186
64980
19738
35676
16938
7835
47530
12898
36633
1051
45151
65419
62082
36323
42642
10282
29555
36468
15354
51488
19247
42944
18748
2144
9974
49325
39544
21682
4497
7151
24064
38683
6596
43802
8824
23534
51637
56354
36432
22734
57405
16048
22617
53951
52371
65259
64234
16390
36191
14052
2343
55438
56996
21091
57582
1434
4880
31590
23117
9377
38742
47181
48061
45338
25447
56885
3336
11548
47703
39769
34282
39573
55817
56899
27988
42652
56623
26686
59042
27278
40739
61385
17181
32199
16940
9227
33634
21820
40818
56751
31198
14024
38396
13723
59362
63843
5072
62698
9855
52775
36931
44137
26812
27212
35500
54801
4328
26587
15951
63371
53866
56690
59220
5511
23354
10625
14738
56988
32445
55556
48203
63643
4044
21063
11830
63406
19370
16902
60569
29225
4142
31964
7826
30954
59177
43326
20219
63505
4378
36171
61340
58244
27325
55025
63755
50679
114
12957
42131
32559
2978
24798
30667
7022
45861
42497
4893
65231
59400
65462
28920
63542
31890
36746
28960
25531
14537
49180
23501
18915
19815
19305
11623
47140
8794
9842
32284
8908
22799
8879
41468
25777
33678
6599
32800
14003
49096
37693
13699
42960
37619
42619
40966
3973
13830
4391
29505
28367
53571
53006
47282
7850
6775
58905
54990
15570
3211
21738
24478
26010
30618
410
51788
64296
7009
19052
12763
56106
56745
26462
33530
28828
3546
8961
32801
17376
13352
62306
45743
1387
49776
27489
9237
56552
20858
64227
6586
24069
20430
31064
50079
51048
31475
36331
49808
38484
55383
62571
29054
46592
23498
62585
9884
27044
6010
42686
44420
19362
39456
24627
20749
23697
52116
29986
14713
7438
28677
21299
31507
49107
52363
16050
34619
18302
52382
18891
56787
42229
15927
20305
23286
39425
17354
33170
933
23364
10320
45353
42726
49777
4444
63475
7938
56560
27925
22651
63998
56603
43950
29969
40174
30777
46019
9258
49080
32865
28149
40331
9559
44076
60636
32845
17965
12455
479
18898
35819
10800
64251
13010
60577
3159
10949
2979
59719
38875
25630
58181
29942
4044
22614
4580
34821
3098
13838
18365
35963
41988
58696
45522
20528
53797
12831
38494
716
13311
57392
36535
24111
56108
49545
19152
59267
60495
22131
53451
33834
47761
46096
63776
51805
3175
2820
21090
6273
16659
39456
42236
58647
32616
22223
13639
20877
35054
52133
21593
48365
43990
58129
6940
34562
42138
26092
28293
37097
48223
16208
5395
30448
62305
3635
16717
65480
6456
37808
6217
23115
11728
48453
16226
44344
5140
29865
65222
40195
16463
21279
23024
60453
13872
29965
29479
56011
56057
57772
27572
38745
8445
32968
3657
5214
36603
20375
5158
43059
58183
11375
638
4375
59828
16864
48719
64969
46730
48405
39628
63193
4149
62652
58110
18021
27081
22053
8496
17603
14289
36069
56348
22734
3501
60005
27948
40104
14844
33106
17628
7491
44481
18266
11866
38774
35131
60586
38207
16325
43455
12299
13982
47604
9415
6556
90
36497
28609
8586
54100
42898
44655
44912
97
48156
39381
28045
22725
54226
61152
40353
61717
40097
58619
8048
13335
28214
3098
51542
44539
46553
63841
58521
28622
7721
65077
28712
44218
28150
37298
32782
5513
16418
12158
5610
64574
51539
33655
21763
40229
29271
62116
36411
3833
55200
44459
17168
17878
47557
3175
62418
28574
1480
55403
57196
9201
54945
20372
53419
17559
57671
20665
23072
8553
32823
28682
7591
18827
62338
29355
59056
26073
25935
29931
29906
15599
8854
47075
33478
56411
50250
30360
19450
51730
20227
11110
60932
9636
31483
48815
27196
23618
3945
50268
32171
36768
13415
39762
55595
10217
3581
49116
36290
29517
13511
661
45116
22366
47736
13058
13241
32450
43418
32691
18644
63646
43802
14040
7746
9749
62856
34942
33367
1265
19675
2
38033
33090
39764
28093
43307
43346
11673
14061
7327
25184
14722
52443
47550
62458
65502
60792
29372
43384
27947
48017
41494
6213
62057
49241
15962
59377
18647
49329
60642
38322
49331
33140
5876
23560
61233
49183
1370
7370
63245
8697
32554
12431
61140
14569
9354
61106
9825
38726
38955
37772
21207
14913
43986
17729
64154
59948
11570
17266
43742
6677
55588
27537
39817
61465
51097
35514
45112
52467
42884
42821
61164
9902
55253
56769
24471
64607
52339
34296
37797
25758
6533
59005
40672
50519
11198
39290
44931
22768
56556
23137
29445
46609
50675
3726
42538
36236
39240
22114
23168
16588
64936
18796
26491
54653
10029
50962
53724
62369
19723
25985
22591
26256
19454
63263
11239
30652
37018
56170
53421
28038
13772
17330
9111
64447
21057
51649
35147
60297
8228
58315
11350
7628
11576
37841
62281
21605
23267
50469
18438
42990
10918
41030
3710
30373
38757
14949
61025
10239
5584
48910
38278
19356
705
47389
18267
21762
33503
53414
16523
41731
46194
27873
49359
57770
178
46104
13839
23446
31037
32278
900
41955
7772
4611
6792
46529
19560
2282
56769
25144
51192
29511
44500
51897
11364
62767
8123
44867
50646
24647
21062
31304
52520
4885
23538
52699
50989
37377
10609
16490
4119
11509
58446
11891
16120
65238
58421
35681
1984
49654
60825
53177
13629
39790
39538
24993
37021
47662
4325
22131
6773
25387
53435
59293
30273
11437
46456
15726
48815
57065
32217
52934
3039
25127
64826
19159
24829
57711
54840
26814
41829
50130
14455
55458
24384
53993
14915
61405
36119
19240
18001
42892
44628
5900
36650
9365
17338
17570
25091
617
9100
57308
53551
12139
16899
52841
31298
41729
45016
20603
3007
21309
5197
17462
11231
29581
5919
26147
25450
42039
45387
43451
19395
24479
49352
56045
33844
1154
8080
58936
1771
17180
50708
55322
29319
2072
42628
60617
43801
22108
15684
46808
43418
20881
64270
54649
50462
4653
15260
10377
46692
60648
53828
552
19591
37644
56597
53436
38798
64677
46836
40569
16321
32008
30356
45640
34080
7448
40722
12345
29556
56406
59153
7438
11752
57887
62088
62214
62541
11812
7055
43697
6924
60884
44249
26516
32992
35311
14416
6255
34452
61252
46824
50774
27724
11644
30878
61805
19092
6064
8614
48649
62471
2232
56087
8687
60119
52639
5365
57124
64452
12421
35286
5840
7769
13999
32356
40761
49310
46772
47016
18227
42488
28305
3465
4677
39949
34343
946
59042
40408
9560
42155
37343
11792
32706
46030
6376
19810
51395
63500
18726
63816
33250
24566
6049
47250
56923
46811
31024
38159
28291
49251
15112
56596
52716
19789
31010
21524
20735
24516
61932
30295
1135
33739
42088
33841
14233
48464
53651
92
46428
6841
63909
14143
31408
4422
61393
22795
51233
26881
60954
13989
10597
10530
5049
63313
30319
36059
19301
51054
60575
15697
15814
61710
49436
57902
30016
63669
40830
18131
63762
21722
24973
62135
35865
56381
1021
31722
13640
52255
58604
9058
708
3665
19589
5757
1442
49908
41817
20744
35427
36856
36441
51241
33031
20342
43607
63047
18475
18901
15642
16701
40623
40615
13300
10953
31460
14322
42675
45100
1041
35743
54159
1749
39408
8212
7506
40851
58120
49323
61595
28011
20644
32500
13716
53675
52842
57323
51186
5782
10688
1292
22483
51312
41908
35784
62265
7832
50106
39404
52933
51147
9612
41556
52896
49020
49768
60402
24335
42352
44190
20394
4828
64834
52895
18544
52973
40201
10332
38623
45983
21020
39915
2931
6796
16287
38715
3525
24120
23285
42930
11517
8896
52542
53073
61792
36026
37305
56658
60362
14121
35312
15220
18949
34610
2579
37494
22047
42781
47826
60670
23228
3310
35050
26159
10107
51337
64874
13632
9921
22623
56562
21438
31519
43568
8975
27775
14059
46280
18898
8885
60402
54210
24105
13815
23285
26685
51309
45332
3930
33599
40467
27158
36910
9981
53318
47017
61318
52656
60649
5704
9744
51676
27142
41263
29708
36118
3503
43767
16862
22401
52652
11728
11075
11222
25544
34360
37907
11317
14157
41837
44917
54624
3459
16291
64605
56777
63308
60387
43898
58421
555
53642
44561
27698
29369
8734
63816
32872
52501
15142
55273
39618
26871
813
50840
52415
35173
23211
63732
49330
65048
43113
38418
2971
59404
37487
59749
57176
32339
38111
50062
32894
26217
29087
60592
55586
37821
58872
22923
24787
8479
12660
64405
35350
13473
49709
22229
48647
7384
20425
32441
6896
63539
5324
9867
57407
42811
4080
49048
9614
42191
33574
42509
2872
62661
37565
58459
34947
30902
15846
59734
39381
28506
58603
9195
41980
42776
31424
25091
50160
51849
57532
57056
49852
62856
1387
41724
40132
5468
25236
49746
47659
58810
26719
50532
55935
64285
43455
25346
29651
59301
19544
3496
22271
12611
12691
64251
55387
44115
23806
40011
30428
15803
31531
14745
13123
32919
56469
53255
38387
16169
37466
20510
9443
64185
5506
65378
62934
48961
25189
27049
42726
44733
30545
64998
57345
43236
63713
47196
21815
21984
21672
52244
37787
53203
1453
50910
20586
57922
38630
58973
8555
10560
13948
17998
9209
19454
17840
6608
2880
43029
33657
45606
22227
64203
45068
14036
41903
43246
61232
63719
65230
17368
50427
37481
5036
51880
22855
25622
44266
61485
19060
52821
6509
33008
5283
15719
52462
23123
22327
55342
617
55984
35413
22844
54651
14945
36880
31019
58191
32576
29202
57885
49945
14093
29830
54981
437
52686
15067
44703
48635
34127
31988
55145
1599
37271
5328
54062
60394
27655
43868
61011
18103
13745
18319
7219
28691
55199
38238
21346
22240
1904
13696
6649
15997
43526
61630
16434
30676
11161
61137
13776
45289
27589
3385
46888
64860
8713
35414
59718
36368
13747
55194
54471
27492
7977
61690
56183
63177
34392
11994
19881
36296
25690
26530
52293
3680
22624
3191
34357
33785
64328
48133
13538
26381
51518
60427
25705
60231
30305
19888
31063
44052
9546
19998
6009
17523
16153
62192
15164
50545
8650
35045
21306
34340
61575
8063
38021
18663
11255
6842
52449
10047
54975
451
36429
40957
60878
62134
35652
25648
16486
1179
4164
26032
21177
10173
43556
37330
6830
58720
22340
15480
28230
43646
49821
24269
51709
22306
42933
62964
29148
29846
7476
18587
30297
43905
59544
25640
40503
29660
51288
56990
30839
55452
17486
52016
90
61042
23811
6920
54227
46151
22400
16921
24261
6685
41190
10434
28991
18587
7863
58139
48433
15339
11190
13195
59244
5198
38835
34211
34858
24587
25665
161
14503
43152
52178
14593
38658
10453
21513
27349
56604
43914
44270
15329
50599
19925
25763
14055
38512
33626
6658
21410
48965
17849
34605
42673
23047
7904
11349
57906
32491
37014
58067
46994
14630
44709
61588
53289
55162
17565
15102
46230
61479
59373
61559
46543
13762
21787
60598
52274
55413
1720
8148
38843
19569
42753
15980
42617
50657
27329
34987
17612
64344
27518
64607
13438
6692
60659
1191
61854
12688
16294
42549
8632
10131
38572
55175
23893
60359
50237
10631
50237
51957
18780
23544
5991
61533
39524
48608
46655
1318
18059
64267
126
45577
63338
13564
52269
58461
14756
48588
5614
31050
25601
14246
41181
64173
3885
65074
58997
54122
10169
43698
40543
28949
1706
46534
24947
41230
29606
6066
42548
47665
4797
42674
27707
2600
56239
14440
61061
5459
63028
1139
36509
23093
15385
12154
21731
19270
11692
15192
7856
21861
58890
48400
50811
60596
29398
10222
36290
59005
16288
13303
41134
21085
55977
3305
23685
46680
17746
19211
52139
15238
20350
23112
38332
35736
35266
60063
55006
46958
9719
62863
3284
3073
45727
54095
63669
9589
64317
34423
3058
15069
47726
44193
36154
38168
47498
59840
19312
65244
13515
5916
14947
33865
29028
53279
4065
64295
47806
59072
45717
57525
56399
49001
60598
36590
37560
58731
46179
36341
27618
49238
51410
9809
27895
22029
47977
9857
16333
1753
9566
29848
7669
24513
63713
36698
12256
2243
35457
60062
61315
15638
52051
52178
64640
47113
23232
36664
40308
3875
7470
2390
53113
58880
12199
15472
15373
60176
25330
31706
61930
34896
61554
4063
59409
59732
40761
6129
61975
10682
655
57754
26321
52706
44396
25425
34283
2092
62089
9055
5967
4023
11445
59081
62904
23645
9017
12741
18285
34347
44448
14679
3707
40466
18743
63116
34662
59504
3709
31101
4651
4364
23319
30972
57070
2179
56397
25817
4271
52950
34872
10239
56974
46318
3784
54342
4427
12801
1547
22712
47149
45995
37392
50856
20926
56135
48437
55588
50103
52146
21154
54754
56511
44473
20190
48045
46653
11051
8327
50924
64002
43199
61163
55440
23981
64947
44246
28408
12213
45793
51121
59362
26253
22977
44682
47179
13576
27583
37231
63679
14194
58385
52898
5169
37323
7552
53214
18440
18604
61541
3828
17070
39205
64992
6974
63186
64403
51220
26059
11080
31477
11644
4906
57730
34621
49589
39373
48197
11636
11069
46340
25830
3918
33702
30999
41241
41255
18678
59681
59859
14683
63510
11393
53888
62966
18367
51539
61833
4051
12062
7378
35528
23706
12284
27723
58327
61873
1560
40988
7974
12629
21792
33804
16548
55495
64804
57789
31214
17946
51935
25537
32629
49909
36930
20982
47339
55297
6985
43636
59348
19047
51014
29340
42753
63299
57063
35544
59636
58624
10996
2074
5717
32788
35879
22265
22747
35147
14519
53961
53093
918
13962
20186
50827
50892
41168
32630
40653
48153
10730
34465
1664
61745
63806
44417
59508
55333
14425
53608
48421
25421
55683
54139
58210
26026
10868
15421
61173
25387
3847
48730
26305
17809
3380
11596
3166
44549
44226
43819
27166
54957
12749
28831
51166
11019
7712
45138
816
22138
33210
49238
47559
23357
37841
40233
49383
48709
55655
45020
8561
59502
28214
34866
11775
31595
46463
14941
10608
25153
58761
37774
14574
5974
1069
204
16993
8782
45342
17809
30920
13017
1511
12943
36374
39352
53177
20222
22526
43296
65242
31087
37262
27921
417
49037
59516
46880
63979
4588
6498
57204
42362
21072
63178
43432
21277
14635
52214
1083
32444
17598
14100
33956
30541
50475
7772
18182
5161
30298
61478
4867
61385
33204
32788
61803
16706
26768
43147
15149
31356
49645
6817
8183
5182
4459
51615
26459
19094
38293
27542
51538
55891
41643
19958
20896
26582
27731
39079
31743
58029
35021
36610
53879
2690
3863
50146
19396
30631
27757
34545
61988
11867
41362
4635
17049
45821
56250
43508
64915
29007
5514
50917
19362
47157
5340
40258
8203
33071
13801
39946
25564
48823
11021
13907
51513
14884
64053
5373
45515
26275
39918
41967
38142
15744
46602
55191
61565
37316
33163
60944
787
38677
46325
20149
20299
51665
60408
28502
19200
8673
2913
44765
57496
13934
58672
43473
28818
57190
48846
8797
17929
23228
50765
56071
38972
31831
45726
35001
3612
13353
30409
4399
52030
11199
24549
6793
62864
19421
35296
16529
28094
38209
61294
20055
52143
54430
63528
15425
46084
46839
24222
64013
4531
9451
54548
43504
41283
34738
12969
44895
48091
43379
49294
34586
54578
8307
41379
51906
27728
11139
2899
55823
49348
64193
10342
35955
53088
8334
51380
33636
55173
10067
32114
59705
19518
21126
37673
60801
55865
50642
40160
38420
28485
23919
7470
17527
32226
48850
3898
59955
59989
6797
50242
43802
5455
60584
14221
58543
3382
66
26643
58556
10133
58757
52725
29651
14348
24862
24917
4677
9968
65077
43097
38454
23460
50568
55981
55687
33882
59879
50106
28335
1141
34812
6601
6596
29860
20823
65139
33242
20889
26246
26262
31022
19468
13451
60673
33816
38313
20054
38493
48282
19596
16054
21200
43056
1086
11645
33207
34968
5989
17777
63304
7130
52589
4369
13726
16913
25192
13329
50156
46081
39575
10882
11567
59043
24334
6705
27323
62647
26759
280
45393
46355
16335
1057
23876
17421
12703
57083
52390
18692
9325
50158
25822
61914
54527
39548
13292
14184
52877
63448
60265
26916
8794
6297
20424
33128
13002
47747
30240
39761
48028
10097
20581
64363
11155
44457
16248
23858
36004
3102
42550
45329
53260
2836
41708
42252
42384
55000
56436
29725
52912
51165
56641
61706
57462
11529
29299
4928
59277
59539
44690
41769
4100
65271
40596
15255
44192
56844
39113
14660
59947
16127
59990
47671
18963
36162
24387
61347
25626
15287
25536
13002
917
16642
9172
58379
28171
38471
63308
21912
32474
42462
63681
36575
42197
38741
51830
20853
30050
25408
35513
24461
41535
29967
6596
60499
593
30984
56310
26219
46271
16311
39221
47188
32953
48394
40032
61124
21329
37804
17501
53804
14730
15646
24843
56927
54388
11137
12244
18902
36545
47757
43363
12545
12189
49959
7508
12782
15407
63818
39002
61679
14593
12687
43331
47546
61081
17827
43135
16875
55631
60636
5143
4825
10746
29986
61752
65134
41123
8460
18500
12133
56218
61863
24678
2871
46287
32186
15653
61694
30468
54655
57837
45062
1807
35633
27072
62888
53460
4671
14227
43556
65307
19370
48381
10518
49356
44598
10116
24944
53058
28617
37077
43740
24944
61755
46611
5695
28405
62265
1854
58873
51384
59691
38399
53191
29788
65472
50544
17713
4607
64771
61269
4379
18606
44114
14897
2426
23176
25013
27370
10699
53630
64447
54439
13039
60666
35515
18734
23535
32244
20588
16873
18092
14744
55272
5748
44532
55208
56292
62245
59816
55527
57978
64195
8597
36557
13556
11024
59733
38569
38394
4896
26664
37306
59336
39703
32436
29315
58437
55972
61559
13490
7309
14115
28234
62581
19863
7230
52254
10619
3940
46534
611
61918
45193
9208
32939
58749
20232
27137
31782
58627
32033
58446
30397
25833
32613
62833
55148
25515
53269
51171
39005
60578
65287
1703
57624
19614
8933
44342
30234
12873
25340
30845
9256
4997
40053
42195
63746
60286
3796
29992
53377
35830
22903
18238
61663
55516
15535
51276
15495
3269
36911
54500
63847
36662
56203
55935
56277
65137
34741
20975
12474
60081
51820
21730
65078
26337
63926
63288
21087
2186
27745
8928
38016
50648
27166
34144
40628
42702
19884
56124
45971
56795
45088
44282
27922
35756
34682
18663
35357
3887
39638
47831
63969
25922
4026
63511
52259
2416
61264
7811
4602
23473
16739
42619
8585
43906
11227
49213
21072
31111
39801
1507
22370
19354
45789
50292
55110
14935
3419
24931
18823
43057
7226
17256
3443
11252
15231
55703
13668
10959
63514
18271
34432
14717
60890
43017
58623
6581
26695
14159
37692
960
15666
60062
20314
61456
44819
9888
10855
48238
34819
29678
25760
42046
46934
29203
53298
62166
19370
1431
7589
17348
19702
42022
32066
15056
19503
25153
21637
46198
39313
59329
47159
54979
53855
1937
50899
33138
11826
61755
15841
46645
25897
41601
23155
7296
5268
10918
3926
24639
12349
11515
41987
32051
53537
8517
47107
7505
33671
3208
53703
7448
62537
35326
62427
50856
37264
47791
18459
49090
44010
34300
30199
4371
10365
53355
11667
15633
64273
15593
40272
11086
27109
16724
43137
15110
25241
24708
22615
58912
27916
10783
824
24917
46109
63252
10237
17837
45507
28696
1391
23981
62996
31591
28352
7825
19410
40020
23459
18147
55613
63731
29233
17186
14919
6834
32297
40161
31542
54912
33537
59458
159
34362
18839
46269
32078
29076
64106
12049
57773
65498
36030
55233
31553
64382
63059
50963
38866
20982
3574
28944
19177
32807
46130
34097
39641
12891
8722
5647
2268
42259
65105
2427
11085
18408
48696
43163
47484
47267
55212
39721
47229
25706
29419
13246
24553
26942
64209
63419
47924
2247
26827
1565
35054
7422
35662
9159
20313
44384
14806
22581
21108
14375
25009
32193
32783
8169
9821
14731
55436
65033
54453
37129
25204
18336
50375
49757
45278
49048
47640
27666
51295
8932
29231
20813
16354
64894
29972
36667
43742
44778
59249
64850
59153
18722
31508
26400
26891
41329
41132
16792
40826
30049
53921
494
48385
38761
50251
28127
22273
32356
55793
8033
41288
19488
28846
57642
18846
58819
28773
62589
38061
22486
61903
31679
41208
27875
58079
2564
3668
33675
19356
44495
63724
7741
44989
46573
46502
29705
9164
3240
62061
64957
11273
37813
18910
40119
29919
37756
33402
58692
34809
5928
15643
31177
37607
56851
59052
30150
59415
62721
63826
13235
41680
62014
20977
21133
43052
1943
50838
52216
5183
47363
51638
16456
19640
5012
56576
49559
42768
24442
42716
12042
30370
58359
43219
2441
49674
36735
32592
43554
33920
30882
56789
10064
27360
12230
31198
4876
14174
16500
57093
19357
63864
43195
35814
17968
48207
26854
1992
25439
51296
44708
37481
16131
37531
15164
18572
21669
51900
51164
65223
20284
16510
56477
30349
43871
3171
61547
48747
17345
12511
40304
36703
10839
17963
6981
28808
634
33835
30800
26074
19595
9972
63555
35726
47503
13184
54299
3636
65084
39927
3324
19832
56438
59801
50181
34773
62972
46192
17984
14782
58704
58289
51485
4007
10716
58466
32815
11351
26765
63615
37425
46360
8051
35444
16551
55554
48628
5314
59191
48176
45241
62515
2473
36143
56780
52654
5380
54216
33311
23365
3462
26479
16118
54947
30486
26834
47877
63302
38185
9106
61381
10074
55467
3897
45519
6482
59451
28611
11796
53106
11252
57037
50085
13725
27645
41329
843
33025
30010
34154
56390
33472
60633
6972
22884
25584
33807
5225
23350
6456
14332
19195
16531
4263
23092
62050
10745
17008
25125
22541
4578
36377
14042
54664
50102
41687
30457
50946
9177
60467
19564
31
28404
14662
7004
51288
40246
40811
56513
63596
47267
5309
17255
63798
9572
40348
60312
20317
57356
19902
42858
61934
56279
56901
51062
40846
33052
15984
26256
42229
10915
45820
42261
39319
60482
49265
25071
35192
24540
16049
33252
6271
21358
50508
4534
30931
25320
64846
51248
17140
19212
28571
13538
9956
19936
64601
50802
52988
15049
11522
29682
25964
57342
6407
65284
52289
55672
24819
21945
14676
40868
55198
20947
62227
40170
25481
27622
65490
24792
13334
17094
44004
41905
30632
53960
61841
29697
39226
49294
44746
50748
13440
5175
42555
19847
4923
29308
9983
29742
51253
24659
5075
40915
45606
1766
15549
5552
29388
15503
30344
42722
32597
8812
19092
63230
62773
15397
27391
36463
64691
6602
21676
12595
11777
64231
32442
16700
28003
42425
46442
13720
1548
51517
54636
47155
53283
4649
52707
17135
20153
17515
59858
52750
26327
13414
50444
23564
28811
12300
60028
27967
18902
16168
40562
30679
14863
7469
47379
42866
49894
28285
56586
51443
14267
45686
33062
2014
50336
20233
19150
4953
37748
13472
57703
64075
26886
42612
22104
55697
54912
16596
18128
8278
32764
58691
38957
47627
624
20800
24957
50518
49085
16007
36425
63352
61694
3951
65367
46494
24184
18981
51447
61932
32453
43614
60472
59339
20690
17040
49500
10066
33636
2093
18344
864
60784
57301
48491
61408
12565
7912
46390
61651
23919
17280
59467
20077
21231
59298
1035
45416
12743
52482
41812
45196
30561
36748
38999
51251
53788
22964
61318
21888
25057
14126
22752
20305
5892
5707
16177
18457
13619
62567
14572
37539
14311
8504
57616
35543
2266
58652
15423
15010
45598
57235
60206
10623
28448
33670
61875
16700
56634
57657
38589
16155
6247
61341
36460
12139
1513
52637
30597
15132
49668
45169
52671
63980
53673
44752
33987
55940
37868
49410
5414
17930
41109
84
28554
4021
33754
24893
20722
24852
17014
59311
41007
23261
55116
11931
35401
56629
64568
462
6226
48701
45631
58897
47145
33769
38113
15596
24173
10445
65006
29587
28376
40579
29671
56930
44601
63426
16287
65323
22742
33301
59098
63750
56562
48678
10145
26427
39772
9178
26889
45998
57879
6985
39359
39488
40754
11937
55084
64927
22382
54554
28978
50758
29597
58649
42152
8662
56539
58439
8449
13746
26204
2011
11960
17231
50690
22105
43658
24926
31283
5012
5388
23626
11997
44747
63114
52751
56684
52662
52142
13531
41680
15584
64289
5742
8697
40906
14404
65237
33809
22854
13447
60014
24865
25407
11709
10019
47512
55367
34945
13260
60379
40333
36886
6840
19545
34465
59591
10693
21591
46197
24224
63272
61781
22978
3478
4943
63884
17882
4644
32157
40736
18091
26635
66
43498
38344
10085
25474
28176
45031
38734
23019
19828
10085
29860
39373
44550
23915
50067
605
4577
8755
63877
822
31733
1819
5765
30081
19702
10409
62239
60438
28500
23338
60504
6462
61683
5054
31937
24323
50085
5135
47342
4377
15220
11666
43751
59770
35582
28282
60376
40159
37037
58717
40981
3235
60537
46747
33316
14703
57156
30019
9605
20121
53358
4574
26583
49505
9628
58520
8292
59713
63656
55634
64090
13340
1765
42305
7575
37347
5051
2415
11970
42089
61132
52951
45324
56133
34162
13104
5300
25783
43124
14906
45904
30946
19480
6951
14915
29108
65472
23207
23285
63592
13305
21839
11396
15070
64145
18971
52417
3660
21386
64387
45749
16983
51803
25537
7580
20429
38642
12881
46212
16230
27787
26580
47176
47267
33532
62091
10839
33468
19762
34124
31524
33067
55963
42920
48138
54572
61892
35019
58233
17742
33871
38446
34725
20138
63984
42306
40567
37090
55187
21244
53320
17438
47824
34960
64705
15820
31515
10008
49288
51277
44132
15276
18808
34559
58197
1410
23596
54553
36430
16293
6759
4765
54739
41485
24903
53187
18255
65470
24741
7906
21178
12525
25344
3467
47485
24513
19287
13464
34521
3040
64741
13117
18316
18014
47676
10977
19424
5736
65530
55854
22029
6754
60619
11233
48239
19986
64420
958
19921
23626
8864
41099
36151
34208
44566
18101
58721
63854
31565
27706
1358
30771
40823
19674
48785
22963
30652
2673
28700
30646
58528
50729
37400
53611
61962
20103
8062
60847
21061
27983
18937
29925
3546
55088
64133
48113
7653
57318
46431
39219
19488
47789
4454
60311
1927
53239
17739
32579
55912
46439
63226
48904
31632
35090
36980
28059
55194
45042
23370
10719
7489
42307
40645
11035
31859
39242
59148
39513
31025
40043
13196
50513
22296
17650
45289
24224
5353
63028
56803
61265
43931
54493
44634
10027
24048
16078
38086
13706
61120
61456
24425
3073
38227
65070
14108
4551
38777
7721
44064
4266
47764
57260
54779
4525
9374
34532
28749
14727
32024
20016
10456
10419
8974
55090
20447
33022
5632
58533
46728
1216
54454
5617
4289
27145
5152
18398
31696
43929
26119
10224
48195
8347
1948
37438
12872
11322
6435
41621
26049
38459
61638
36506
48879
5076
26060
3790
38098
31693
62323
19290
32909
51241
24907
37199
12851
30059
55597
44547
8452
16180
54772
56647
24527
56720
28550
37400
2507
34985
13485
28556
7908
9587
65062
56787
14663
25587
60577
52761
57280
57365
6515
24653
43070
31423
61852
55921
61482
51913
34933
4399
2557
24169
61046
27085
15353
24060
64485
17860
59045
12434
46417
1418
22022
45943
58205
36685
5994
53247
23911
63274
45076
30426
22392
22610
61849
18708
12996
57796
5086
47929
62195
7643
6562
57705
34728
21915
16230
33677
39776
9739
46112
20657
11157
2598
1064
3827
39283
7059
57074
63194
4797
36614
28085
27189
59224
24398
45898
6684
16658
50984
54613
13317
58627
61175
5487
27820
17555
21717
61497
57331
31456
42073
12452
42614
44671
13516
46441
18419
20575
37979
16077
25373
9057
44162
52562
2745
3025
32924
9430
19683
18372
64043
33001
11464
59683
38488
39284
11702
60205
35245
3497
26125
11783
15949
3203
56454
29465
49644
9337
50041
22087
25415
9878
31144
4041
62440
33890
7066
29829
43320
26750
48201
41827
59751
59665
35974
32703
33413
47676
27372
3123
51173
53497
14906
1586
56701
5824
31052
40809
15162
15557
62897
40577
25435
28505
44618
22339
62395
51685
52168
40179
12899
34834
16471
7114
28963
52445
39817
62377
34586
1653
65500
20223
55150
14870
21810
46315
20694
52862
21589
35856
2883
18950
10897
28318
47455
55516
50657
44315
41665
37290
18958
54564
6588
35429
61678
35551
22339
35959
32392
56925
37612
32356
11612
27226
47226
33422
8006
2385
20748
29595
38241
23631
48545
49139
51949
30464
39119
37071
9243
15248
8825
28202
4276
15413
63631
418
50964
20434
36377
17821
11823
8453
50177
23436
35679
31868
56858
43685
34253
12071
7744
6958
35702
56289
56097
22116
21218
29680
59187
30461
44928
2476
58663
49204
17889
56759
49622
3317
11657
20463
21138
23481
28916
5780
46917
64596
37648
38239
42745
6365
50310
50490
13323
20477
41243
3885
42593
62461
33565
36244
27387
12958
38720
20514
62162
56609
11737
46249
59926
23395
1176
15529
46876
30093
21309
28257
29153
58957
960
6362
65322
51271
56852
13109
6212
32560
16994
48805
29485
50560
19513
56872
63518
58233
11851
60144
49306
23588
40857
43696
46983
42034
59225
28323
6591
14998
56580
35744
8419
57541
42106
8205
43276
33423
21315
49488
447
38309
32757
29932
23333
52270
21269
21315
44967
33120
15924
28737
56708
56781
6897
38156
33279
587
943
39870
15585
57524
10078
24005
49529
52185
32210
27269
20072
53525
11221
20519
26299
43978
50451
49632
30712
6184
5412
10143
39304
21336
38880
30477
12581
45777
3097
45861
46364
4040
20195
61950
61564
30274
20419
45557
16923
52629
7290
36995
40619
18511
57514
1382
62489
42429
51014
27665
48614
56426
37808
22382
12226
11152
52859
24808
56930
55956
5133
37758
59997
25328
34172
56025
55602
54591
36047
6989
41685
43337
43984
16768
61849
35962
18150
58802
12856
3628
20932
61470
60055
58740
18316
6745
4357
5640
31553
61287
61596
36686
33509
56057
62015
2146
46547
52081
56737
17058
59071
32886
60395
37519
49654
56708
7946
2268
49975
20802
5897
5371
16736
416
64111
35052
7161
2932
40692
38715
64219
36753
9865
32193
27274
6344
34339
8285
58426
25540
25343
51961
58427
20203
23944
42545
11375
31890
44814
61350
52692
50711
1185
3892
51127
65297
38945
58288
2693
14101
31467
1377
50854
41333
33570
12593
47677
2373
20878
40567
27913
46222
26992
20804
889
50937
63350
12264
17291
42628
8079
4448
27803
9264
8340
13394
9025
47285
6146
11719
61387
37614
13096
46705
13411
46666
59298
61088
49039
14641
36120
11416
60863
63112
32221
61752
48513
30035
8480
269
7127
16559
4717
34930
25824
13057
48324
34849
60343
54470
46568
56194
26548
59664
37363
39959
40794
31126
35512
24297
45767
6096
35714
41094
3672
2399
37310
52186
32434
45790
52455
39561
62350
57172
8955
22638
4693
57279
57487
65036
46213
38520
55694
7226
32648
27522
47185
7907
58648
17161
32204
38879
23257
2382
14437
26930
4781
51747
13580
37215
32001
499
11240
28815
57671
20195
51453
62364
11938
43405
61865
58152
16389
52023
65378
49037
14009
47027
56944
7121
64189
23613
46000
21910
25995
60437
48840
30777
46648
62420
2456
13114
62919
13697
41929
55054
33892
27847
51883
45831
5716
48212
38447
22105
34699
38289
5606
48709
19780
62551
55830
18433
20628
36295
40344
46623
31196
23648
11864
12309
20533
14321
25423
17916
28018
1816
7435
61910
29663
59318
42205
35379
41994
15116
57484
11157
53405
63091
59866
7650
60106
50161
26083
15198
20920
891
61821
52116
24540
8150
64425
45073
22471
24312
62989
50489
26129
4888
46863
55792
64206
23533
25636
40664
38649
17584
51822
26519
15139
46152
34169
9709
30777
60252
24907
51697
61144
21193
38278
20148
29343
37167
65221
51814
61480
62674
36767
22073
2027
18094
12329
697
41627
37965
41362
14741
55550
27648
41260
5153
8264
9893
14863
39042
4609
39770
25203
217
60963
63481
20365
24770
35113
20050
11048
31057
17189
47815
53130
19216
374
65459
19913
42001
37889
61275
56742
27903
23387
32466
33056
31652
42359
47919
5158
46969
22154
30361
47186
17581
28307
2016
42352
63420
22066
53400
28941
39255
35680
16535
58471
36054
16458
12849
12519
54347
8588
3726
16714
31976
36192
49771
63628
13016
32154
3250
59985
54308
33611
41635
6354
61918
43651
48706
59802
182
36570
23207
39437
6714
39742
32373
42768
56201
45222
55288
45012
53810
59014
61727
20250
29670
45962
18342
42686
12580
21592
37135
1353
55204
13235
7707
51586
56886
56413
45853
57068
27447
3524
30970
34162
43267
63343
11394
33932
43029
1146
13408
31303
60160
9599
51554
24295
55561
4360
1445
2606
25953
38581
3959
15621
51816
11666
1671
43166
2543
47524
34699
29990
51049
133
64152
28780
63476
10011
62712
40969
11157
10584
6736
5782
20184
58290
30077
10209
62651
31522
12815
23068
4567
16774
38689
56383
28440
40360
34014
30983
22349
3177
60974
7862
3310
59590
36642
1250
4065
33818
42219
15223
44402
48955
21005
64586
41710
51082
9260
38825
17068
22075
61893
21636
38850
35046
12483
1754
9870
46497
32738
32219
49674
28176
40081
52984
22230
11187
54234
26296
45005
30917
41519
23872
14337
62524
22922
56047
48070
32182
29336
65138
54258
25693
21238
27572
60739
33722
29326
5073
14683
62064
37293
64358
24704
11838
51806
46935
23026
40505
7695
2495
5886
49214
26367
20223
46202
49290
10734
28736
15936
40070
28338
4658
227
49577
32230
60966
17763
61557
504
32446
58085
37797
31268
17254
49635
17539
64189
7125
58044
6348
9621
63930
55562
35988
18618
36228
19742
29352
64964
35679
3887
27766
40337
4114
11807
7032
65081
29570
3053
49
62017
61138
37846
27749
12856
21945
45288
11509
29071
37796
17857
38692
36191
7883
9144
54809
44111
28887
18625
43539
64566
22512
5770
39367
26627
17577
46399
26172
47148
49452
26221
43629
45055
64067
5842
57911
20476
51131
3885
49547
23391
21742
22703
59582
29626
31848
48855
8201
60735
1945
51741
59765
24457
57511
33596
51084
9552
14460
11720
56700
63912
37941
34793
43431
36472
40636
35807
56949
26231
39692
40960
49622
61434
63664
43669
25524
29976
26988
33726
25175
28933
19931
19404
53391
11906
53000
38939
21458
1924
50660
12623
301
23065
47416
43732
59538
22516
14003
50951
48747
53695
26375
32834
49594
24503
10967
9582
54479
37955
43308
14118
1353
63239
33522
54744
9609
20987
28147
31068
22911
13271
43691
23212
36337
25571
1409
30339
48088
15412
15754
31299
3572
42129
64133
53166
1097
9564
62748
55576
47520
40521
4159
48873
38224
37681
38081
47834
58668
692
13366
16044
13964
57057
39256
50301
17092
40665
15104
65180
56078
30858
30944
59650
7451
29541
47280
8548
39106
44492
64125
21090
19477
2748
4427
57702
40429
42508
40000
33562
43200
53366
49606
57164
44887
23326
41929
61979
63992
57033
61624
54534
22355
27032
48648
29807
56573
30392
38355
30143
9348
36944
51233
28826
39692
55660
20992
14586
32632
60992
48148
10297
48822
32218
1925
28173
55544
43855
24616
54000
35352
20704
42998
57708
47736
26110
21979
38774
56502
60334
3381
315
31743
54615
29141
5899
44739
50133
20485
11836
45589
3097
22133
28875
35315
24058
57048
25324
2377
16128
13788
37730
36833
56787
29902
19033
17361
51881
57807
8328
46679
61189
8643
12886
50268
37784
18786
29471
22381
39271
41307
2434
42369
63440
31309
12148
21963
22821
37472
24340
38949
51261
62070
10246
42512
26436
29280
59873
12781
21551
2665
59461
17204
11308
6811
1936
49092
25597
31408
5937
64869
7179
8371
41702
5084
39680
53850
27047
62501
25787
51387
35915
11512
47922
46161
54024
8822
9905
48361
21604
31457
51027
15529
48661
62335
22340
50598
45892
47938
16470
51829
47271
23649
60201
23437
28733
34345
11751
55780
31311
37538
41632
1690
49050
24018
47851
37538
32840
57757
20364
54444
23678
5855
4437
6803
2654
26778
57401
48546
9180
8335
34840
56451
31985
29505
14352
60718
63850
26103
50963
29625
63642
27059
31315
47156
51077
13631
19159
18381
5852
39523
7290
29530
45378
11727
36333
48032
38505
28199
31043
47685
36534
347
38600
2983
29852
52952
63702
28166
13520
49129
57792
11626
10652
23571
58782
61729
37202
12405
14574
43054
51928
21864
7048
31770
33592
43382
14267
6561
6045
45310
54247
42579
45657
27311
45563
9973
14728
43729
38139
28248
27322
30395
39874
37974
53967
33120
34167
25633
45526
48741
3152
31918
5070
10200
63689
38662
53582
12420
45223
59627
57730
33934
36671
37851
61246
16698
47824
10438
60427
20427
38686
22213
50823
13024
60187
39254
46144
28818
64887
26134
12023
2503
58053
17093
12704
56206
55755
750
3090
35443
60378
60820
3841
31513
33135
65087
48211
15423
9989
43102
35850
48675
65315
21137
61699
59966
60391
42308
23248
59743
2906
35271
62246
60959
52365
9414
51629
42584
10165
54719
12491
5007
50003
16333
36520
17602
15884
19195
33025
25874
62297
3340
9013
62076
24477
5177
56506
19333
47485
14218
13540
50391
49489
10250
45815
36318
19665
31908
13367
29830
21092
25858
34837
5559
42191
5821
23162
58076
25016
56187
18414
21777
59527
27427
18317
18469
32604
9287
37802
14553
23505
51342
64945
7458
61592
45224
43777
15721
11596
57144
45551
32688
17466
14852
38248
59658
20673
61410
52198
45689
52061
5076
1930
46053
32503
20247
64522
65108
29534
36788
14125
53039
22594
13534
60498
18650
58758
38739
34372
4819
30347
14387
37507
47813
29240
10219
41935
49913
6093
28597
30067
58155
33673
31997
38672
641
52245
37658
213
16243
8910
14338
3747
31504
27873
64245
50154
21095
37448
18990
25914
2259
33378
63422
50072
62618
8105
26472
46995
14199
55069
11526
6818
23207
43524
45490
23848
30233
17612
24061
46476
26522
38399
50223
58026
736
48932
42644
21832
20844
61635
47746
23103
29477
45632
7640
26559
53738
34112
8018
2401
23645
19545
9219
46852
63069
54709
5164
27766
6785
29225
8706
33307
2089
58930
25797
2825
42326
2905
24657
63171
64540
6868
20738
28481
52500
28378
55040
40702
62490
63059
43103
20600
17068
52322
1916
14601
41495
7081
42367
48280
36306
51073
16051
38395
44467
41848
41221
21258
44754
342
18893
43758
7210
39631
6704
59711
2474
61744
34877
64964
59267
12445
20028
10799
64767
21945
25400
40727
29026
2231
23471
65332
53305
39523
38192
32236
15835
13877
53494
60589
14219
6851
38812
21430
46483
45516
15605
48957
41724
50482
48385
35456
62927
2878
46255
62159
24823
6120
37350
53849
8351
60821
53645
61656
34808
26301
28357
50644
40178
16315
45697
54398
23167
18973
10292
4114
64489
25897
53071
40678
10843
35920
10598
8235
38798
56853
4858
63621
62973
42208
51934
5789
37493
40044
1909
6766
809
30266
57410
40988
46582
37571
29850
4213
56545
40142
8327
55498
503
61398
30640
11346
31782
41238
19581
5045
32556
24439
3130
29993
1111
55065
35782
38605
29573
37692
45371
30382
2422
